1.0000000000000000 206.3771981555863420 205.6866672726519880
2.0000000000000000 165.0872881959533345 164.5350416168562049
3.0000000000000000 132.0581798630968251 131.6159085735304473
4.0000000000000000 105.6371672080258008 105.2836501153917652
5.0000000000000000 84.5021879388910975 84.2196485443144383
6.0000000000000000 67.5956779337326452 67.3710147913018034
7.0000000000000000 54.0716561069087902 53.8913232193073171
8.0000000000000000 43.2533958015321787 43.1092695954691578
9.0000000000000000 34.5995585391209488 34.4843808620119390
10.0000000000000000 27.6771086609279564 27.5850744632512139
