TASMANIAN SG 4.0
WARNING: do not edit this manually
localpolynomial
3 1 1 3
localp
1 3 65 0 0 0 0 0 1 0 0 2 0 0 3 0 0 4 0 0 5 0 0 6 0 0 7 0 0 8 0 1 0 0 1 1 0 1 2 0 1 3 0 1 4 0 2 0 0 2 1 0 2 2 0 2 3 0 2 4 0 3 0 0 3 1 0 3 2 0 4 0 0 4 1 0 4 2 0 5 0 0 6 0 0 7 0 0 8 0 1 0 0 1 0 1 1 0 2 1 0 3 1 0 4 1 1 0 1 1 1 1 1 2 1 2 0 1 2 1 1 2 2 1 3 0 1 4 0 2 0 0 2 0 1 2 0 2 2 0 3 2 0 4 2 1 0 2 1 1 2 1 2 2 2 0 2 2 1 2 2 2 2 3 0 2 4 0 3 0 0 3 0 1 3 0 2 3 1 0 3 2 0 4 0 0 4 0 1 4 0 2 4 1 0 4 2 0
1  -9.16286386372947391e+02 -2.95986554276623792e-01 1.03732646498883696e-01 5.58413988574102405e-02 8.65542086148707313e-03 2.36067605804919367e-02 6.12811214898556500e-03 2.58375768214591517e-03 1.66424695100886311e-03 -2.95986560974824897e-01 -1.04988748682671940e-01 2.84817958322491904e-02 2.09830804236617041e-02 2.52949784453448956e-03 1.03732642216755266e-01 2.84818095436776275e-02 -6.55536056387973076e-03 -7.17896700047049308e-03 -6.90540930577299150e-04 5.58413996402578050e-02 2.09830897781557724e-02 -7.17897188383176399e-03 8.65542841620481340e-03 2.52952788957827579e-03 -6.90551990032872709e-04 2.36067639643806615e-02 6.12811228461396240e-03 2.58375711655389750e-03 1.66425137308578996e-03 -2.94359025488120096e-01 -1.04988748800565190e-01 2.84817959064866955e-02 2.09830804275839000e-02 2.52949783424583075e-03 -1.04988678335757868e-01 -1.42395767783227711e-02 8.24193257142269431e-03 2.84818149610828186e-02 8.24198742839143961e-03 -3.80957805282378104e-03 2.09830580198513417e-02 2.52953017360368904e-03 1.06228624487698653e-01 2.84818078700936894e-02 -6.55536238366494217e-03 -7.17894527997486875e-03 -6.90542595805254678e-04 2.84818150091723510e-02 8.24198730060743401e-03 -3.80957811000826041e-03 -6.55535342923485587e-03 -3.80958505650141888e-03 1.66353016800258047e-03 -7.17896548462704231e-03 -6.90548587215289444e-04 5.11389828288884019e-02 2.09830900621454930e-02 -7.17897199865547009e-03 2.09830579710796883e-02 -7.17896554147046118e-03 9.00150928669063433e-03 2.52952785507432054e-03 -6.90551051945931249e-04 2.52953014995682679e-03 -6.90547709780275909e-04
0
0
1 0
0 6 7 8 10 12 12 12 12 12 15 16 17 17 17 20 21 22 22 22 26 26 26 30 30 30 30 30 30 30 35 36 37 37 37 40 40 40 43 43 43 43 43 48 49 50 50 50 53 53 53 56 56 56 56 56 60 60 60 60 60 64 64 64 64 64
29 42 9 14 1 2 3 4 5 6 7 8 19 10 11 12 13 22 15 16 17 18 25 26 20 21 27 28 23 24 55 34 37 30 31 32 33 40 35 36 41 38 39 60 47 50 43 44 45 46 53 48 49 54 51 52 58 59 56 57 63 64 61 62
1 65 1 -9.16286386372947391e+02 -9.16582372927224014e+02 -9.16182653726448507e+02 -9.16378538251228292e+02 -9.16225864628836462e+02 -9.16456848828645661e+02 -9.16326334199938856e+02 -9.16253541743209780e+02 -9.16202594930691475e+02 -9.16582372933922215e+02 -9.16983348236881511e+02 -9.16450158491591083e+02 -9.16706036106120791e+02 -9.16505080794050627e+02 -9.16182653730730635e+02 -9.16450158475463581e+02 -9.16085476444795631e+02 -9.16267743671240169e+02 -9.16126100207832224e+02 -9.16378538253794545e+02 -9.16706036092634349e+02 -9.16267743681263369e+02 -9.16225864623422808e+02 -9.16505080745037958e+02 -9.16126100209195897e+02 -9.16456848829893943e+02 -9.16326334201086297e+02 -9.16253541741068489e+02 -9.16202594925703579e+02 -9.16580745398435511e+02 -9.16981720701512700e+02 -9.16448530956030140e+02 -9.16704408570689111e+02 -9.16503453258537093e+02 -9.16981720637746093e+02 -9.17501924266284277e+02 -9.16812782466937051e+02 -9.16448530941257673e+02 -9.16812782447362792e+02 -9.16326681437469006e+02 -9.16704408560430693e+02 -9.16503453211256783e+02 -9.16180157748459692e+02 -9.16447662494866222e+02 -9.16082980464344473e+02 -9.16265247668085522e+02 -9.16123604228136401e+02 -9.16447662494425344e+02 -9.16811914002213939e+02 -9.16325812992587885e+02 -9.16082980459672171e+02 -9.16325812981591525e+02 -9.15990695005952830e+02 -9.16265247687286887e+02 -9.16123604224236942e+02 -9.16382426902862562e+02 -9.16709924741477380e+02 -9.16271632330409147e+02 -9.16709924745034186e+02 -9.16271632318706679e+02 -9.16224270551416907e+02 -9.16503486673903353e+02 -9.16124506137161688e+02 -9.16503486674737132e+02 -9.16124506133624550e+02
custom
2.00000000000000011e-01 3.00000000000000000e+00
2.00000000000000011e-01 3.00000000000000000e+00
2.00000000000000011e-01 3.00000000000000000e+00
TASMANIAN SG end
