TASMANIAN SG 4.0
WARNING: do not edit this manually
localpolynomial
3 1 1 3
localp
1 3 65 0 0 0 0 0 1 0 0 2 0 0 3 0 0 4 0 0 5 0 0 6 0 0 7 0 0 8 0 1 0 0 1 1 0 1 2 0 1 3 0 1 4 0 2 0 0 2 1 0 2 2 0 2 3 0 2 4 0 3 0 0 3 1 0 3 2 0 4 0 0 4 1 0 4 2 0 5 0 0 6 0 0 7 0 0 8 0 1 0 0 1 0 1 1 0 2 1 0 3 1 0 4 1 1 0 1 1 1 1 1 2 1 2 0 1 2 1 1 2 2 1 3 0 1 4 0 2 0 0 2 0 1 2 0 2 2 0 3 2 0 4 2 1 0 2 1 1 2 1 2 2 2 0 2 2 1 2 2 2 2 3 0 2 4 0 3 0 0 3 0 1 3 0 2 3 1 0 3 2 0 4 0 0 4 0 1 4 0 2 4 1 0 4 2 0
1  -8.54162481612560441e+02 -4.70502603642444228e-01 1.60986198907494327e-01 9.05629345628540250e-02 1.38111878266045096e-02 3.96684265626845445e-02 9.70969092463747074e-03 4.20709593890933320e-03 2.59544984351123276e-03 -4.70502609800291793e-01 -1.74966712759555776e-01 4.44676200304456870e-02 3.76466565558644106e-02 3.83593146557359432e-03 1.60986193887765694e-01 4.44676320722692253e-02 -9.59526634619578545e-03 -1.17544907500928275e-02 -1.00395837102951191e-03 9.05629353560470918e-02 3.76466636918735276e-02 -1.17544953197352697e-02 1.38111948353980551e-02 3.83596107462835789e-03 -1.00396880077369133e-03 3.96684299662410922e-02 9.70969127558873879e-03 4.20709538252594939e-03 2.59545394692395348e-03 -4.68895279577054680e-01 -1.74966712925879619e-01 4.44676201459515141e-02 3.76466565627424643e-02 3.83593144272253994e-03 -1.74966646882808163e-01 -2.58993204041644276e-02 1.44949199557231623e-02 4.44676371320156250e-02 1.44949732224404215e-02 -6.20207353529167449e-03 3.76466359592200206e-02 3.83596321108825578e-03 1.63927744104285011e-01 4.44676308728730874e-02 -9.59526754422768136e-03 -1.17544708983245982e-02 -1.00395975846367946e-03 4.44676372388812524e-02 1.44949729798327098e-02 -6.20207365989244863e-03 -9.59525922667125997e-03 -6.20207973679498537e-03 2.51936404674779624e-03 -1.17544896749564032e-02 -1.00396545133207837e-03 8.40339847128461770e-02 3.76466642009063435e-02 -1.17544955127186768e-02 3.76466358715106253e-02 -1.17544897859716002e-02 1.40627648843292263e-02 3.83596096105520701e-03 -1.00396794334756123e-03 3.83596315987233538e-03 -1.00396465495578013e-03
0
0
1 0
0 6 7 8 10 12 12 12 12 12 15 16 17 17 17 20 21 22 22 22 26 26 26 30 30 30 30 30 30 30 35 36 37 37 37 40 40 40 43 43 43 43 43 48 49 50 50 50 53 53 53 56 56 56 56 56 60 60 60 60 60 64 64 64 64 64
29 42 9 14 1 2 3 4 5 6 7 8 19 10 11 12 13 22 15 16 17 18 25 26 20 21 27 28 23 24 55 34 37 30 31 32 33 40 35 36 41 38 39 60 47 50 43 44 45 46 53 48 49 54 51 52 58 59 56 57 63 64 61 62
1 65 1 -8.54162481612560441e+02 -8.54632984216202885e+02 -8.54001495413652947e+02 -8.54307169979818809e+02 -8.54068177325280089e+02 -8.54430408671448049e+02 -8.54225116105265101e+02 -8.54111122372981299e+02 -8.54032240919623064e+02 -8.54632984222360733e+02 -8.55278453538762733e+02 -8.54427530403422793e+02 -8.54827509289443014e+02 -8.54512610193599585e+02 -8.54001495418672675e+02 -8.54427530390242850e+02 -8.53850104486111377e+02 -8.54135704460645002e+02 -8.53912992722936451e+02 -8.54307169982104483e+02 -8.54827509278434945e+02 -8.54135704468501558e+02 -8.54068177320781160e+02 -8.54512610147312898e+02 -8.53912992723847537e+02 -8.54430408672266367e+02 -8.54225116106056930e+02 -8.54111122371288275e+02 -8.54032240915779994e+02 -8.54631376892137496e+02 -8.55276846208705820e+02 -8.54425923073084050e+02 -8.54825901959296061e+02 -8.54511002863341446e+02 -8.55276846148820596e+02 -8.56123181498552640e+02 -8.55012429789780981e+02 -8.54425923061117714e+02 -8.55012429772391329e+02 -8.54236266581945756e+02 -8.54825901949163836e+02 -8.54511002818581119e+02 -8.53998553868456156e+02 -8.54424588841225727e+02 -8.53847162937092889e+02 -8.54132762891176412e+02 -8.53910051174706382e+02 -8.54424588841017567e+02 -8.55011095553566861e+02 -8.54234932363283747e+02 -8.53847162933795062e+02 -8.54234932354229159e+02 -8.53702847904731243e+02 -8.54132762909055714e+02 -8.53910051171741543e+02 -8.54312895267636122e+02 -8.54833234563540600e+02 -8.54141429754168371e+02 -8.54833234565006251e+02 -8.54141429744968264e+02 -8.54066454975623969e+02 -8.54510887802868865e+02 -8.53911270378431936e+02 -8.54510887803644891e+02 -8.53911270376004495e+02
custom
2.00000000000000011e-01 3.00000000000000000e+00
2.00000000000000011e-01 3.00000000000000000e+00
2.00000000000000011e-01 3.00000000000000000e+00
TASMANIAN SG end
