TASMANIAN SG 4.0
WARNING: do not edit this manually
localpolynomial
3 1 1 3
localp
1 3 65 0 0 0 0 0 1 0 0 2 0 0 3 0 0 4 0 0 5 0 0 6 0 0 7 0 0 8 0 1 0 0 1 1 0 1 2 0 1 3 0 1 4 0 2 0 0 2 1 0 2 2 0 2 3 0 2 4 0 3 0 0 3 1 0 3 2 0 4 0 0 4 1 0 4 2 0 5 0 0 6 0 0 7 0 0 8 0 1 0 0 1 0 1 1 0 2 1 0 3 1 0 4 1 1 0 1 1 1 1 1 2 1 2 0 1 2 1 1 2 2 1 3 0 1 4 0 2 0 0 2 0 1 2 0 2 2 0 3 2 0 4 2 1 0 2 1 1 2 1 2 2 2 0 2 2 1 2 2 2 2 3 0 2 4 0 3 0 0 3 0 1 3 0 2 3 1 0 3 2 0 4 0 0 4 0 1 4 0 2 4 1 0 4 2 0
1  2.37297675088208448e+00 -3.01950681937868204e+00 9.21796562676449494e-01 5.91604124542397525e-01 8.45398585981524953e-02 3.16285520291890609e-01 6.43042281624564005e-02 2.94126365319851146e-02 1.46924900302169981e-02 -3.01950681928184927e+00 -1.30469695018473608e+00 2.62616483763071784e-01 3.90081568047551119e-01 1.83580775820493258e-02 9.21796562679671805e-01 2.62616483044454618e-01 -3.96775248737424313e-02 -6.95960330971105989e-02 -2.77644081695682665e-03 5.91604124371888140e-01 3.90081562091947998e-01 -6.95960333294607381e-02 8.45398585486756282e-02 1.83580780913017438e-02 -2.77644076406091678e-03 3.16285520202737924e-01 6.43042281120593806e-02 2.94126366012692486e-02 1.46924899725422442e-02 -3.01950681926080833e+00 -1.30469695020211596e+00 2.62616484626305713e-01 3.90081568117206512e-01 1.83580771617841698e-02 -1.30469695024844157e+00 -2.83436998850158162e-01 1.34346672999988037e-01 2.62616483816573432e-01 1.34346674657098486e-01 -3.38471928294068469e-02 3.90081568294604164e-01 1.83580775845539890e-02 9.21796562697164479e-01 2.62616484011083173e-01 -3.96775249040204336e-02 -6.95960335910879024e-02 -2.77644000059029672e-03 2.62616484255353555e-01 1.34346673159140728e-01 -3.38471935611888153e-02 -3.96775249546972297e-02 -3.38471924513497058e-02 9.89703974268829612e-03 -6.95960335220724424e-02 -2.77644074143723607e-03 5.91604125257107150e-01 3.90081567368556037e-01 -6.95960346949733299e-02 3.90081567381521666e-01 -6.95960342508890051e-02 8.45398585054373264e-02 1.83580777236957982e-02 -2.77644067465909750e-03 1.83580774427596349e-02 -2.77644064744086982e-03
0
0
1 0
0 6 7 8 10 12 12 12 12 12 15 16 17 17 17 20 21 22 22 22 26 26 26 30 30 30 30 30 30 30 35 36 37 37 37 40 40 40 43 43 43 43 43 48 49 50 50 50 53 53 53 56 56 56 56 56 60 60 60 60 60 64 64 64 64 64
29 42 9 14 1 2 3 4 5 6 7 8 19 10 11 12 13 22 15 16 17 18 25 26 20 21 27 28 23 24 55 34 37 30 31 32 33 40 35 36 41 38 39 60 47 50 43 44 45 46 53 48 49 54 51 52 58 59 56 57 63 64 61 62
1 65 1 2.37297675088208448e+00 -6.46530068496597776e-01 3.29477331355853398e+00 1.45482746573514099e+00 2.91841489081846195e+00 7.20434218911162549e-01 1.97820633647106936e+00 2.67510845738225855e+00 3.12128659221871496e+00 -6.46530068399765012e-01 -4.97073383796318335e+00 5.37882978039756265e-01 -1.82694626059152543e+00 4.85743910001978363e-02 3.29477331356175629e+00 5.37882977227528980e-01 4.17689235136446335e+00 2.43833623683992951e+00 3.81759625024430571e+00 1.45482746561304799e+00 -1.82694626676605409e+00 2.43833623684157264e+00 2.91841489077059624e+00 4.85743910054429739e-02 3.81759625024611360e+00 7.20434218809379301e-01 1.97820633635962562e+00 2.67510845742760939e+00 3.12128659213871851e+00 -6.46530068378723621e-01 -4.97073383795952140e+00 5.37882978924031363e-01 -1.82694626050951880e+00 4.85743910325903139e-02 -4.97073383790901424e+00 -1.08830715565247065e+01 -3.38935763384319966e+00 5.37882978117521282e-01 -3.38935763376172350e+00 1.64877130771712754e+00 -1.82694626047737718e+00 4.85743910026286696e-02 3.29477331357924896e+00 5.37882978211650098e-01 4.17689235135167802e+00 2.43833623684675915e+00 3.81759625106302547e+00 5.37882978552753244e-01 -3.38935763384044098e+00 1.64877130652706527e+00 4.17689235130422354e+00 1.64877130652972936e+00 5.02923090394559935e+00 2.43833623691581680e+00 3.81759625024897442e+00 1.45482746650878747e+00 -1.82694626060239651e+00 2.43833623680341649e+00 -1.82694626051576092e+00 2.43833623684585721e+00 2.91841489073610383e+00 4.85743910866591744e-02 3.81759625028588445e+00 4.85743910246910215e-02 3.81759625029098615e+00
custom
2.00000000000000011e-01 3.00000000000000000e+00
2.00000000000000011e-01 3.00000000000000000e+00
2.00000000000000011e-01 3.00000000000000000e+00
TASMANIAN SG end
