TASMANIAN SG 4.0
WARNING: do not edit this manually
localpolynomial
3 1 1 3
localp
1 3 65 0 0 0 0 0 1 0 0 2 0 0 3 0 0 4 0 0 5 0 0 6 0 0 7 0 0 8 0 1 0 0 1 1 0 1 2 0 1 3 0 1 4 0 2 0 0 2 1 0 2 2 0 2 3 0 2 4 0 3 0 0 3 1 0 3 2 0 4 0 0 4 1 0 4 2 0 5 0 0 6 0 0 7 0 0 8 0 1 0 0 1 0 1 1 0 2 1 0 3 1 0 4 1 1 0 1 1 1 1 1 2 1 2 0 1 2 1 1 2 2 1 3 0 1 4 0 2 0 0 2 0 1 2 0 2 2 0 3 2 0 4 2 1 0 2 1 1 2 1 2 2 2 0 2 2 1 2 2 2 2 3 0 2 4 0 3 0 0 3 0 1 3 0 2 3 1 0 3 2 0 4 0 0 4 0 1 4 0 2 4 1 0 4 2 0
1  -2.03520500176988975e+02 -2.39102664679919030e+00 7.42687210744833237e-01 4.70825447599935387e-01 6.80571587244287457e-02 2.43991680083865958e-01 5.02872672161345236e-02 2.33607772088078036e-02 1.18088555230997372e-02 -2.39102664755759520e+00 -1.01857417546057150e+00 2.09804980116501838e-01 2.91223748869583687e-01 1.49964986792809896e-02 7.42687208600443682e-01 2.09804980939509278e-01 -3.38800463760833281e-02 -5.72169854778508125e-02 -2.80018030058215572e-03 4.70825447525811569e-01 2.91223752282846249e-01 -5.72169899842691621e-02 6.80571600519499498e-02 1.49965094423976097e-02 -2.80018267750392624e-03 2.43991682155211720e-01 5.02872718979574529e-02 2.33607771233721451e-02 1.18088564228457926e-02 -2.39023189771202738e+00 -1.01857417562271735e+00 2.09804980766534754e-01 2.91223748921552783e-01 1.49964983818904329e-02 -1.01857415924530414e+00 -2.10165010365841454e-01 1.02046012381293849e-01 2.09804982345360713e-01 1.02046029469192945e-01 -2.83902378779146147e-02 2.91223746259277050e-01 1.49965096071298376e-02 7.44913758299560413e-01 2.09804981445387284e-01 -3.38800463087522985e-02 -5.72169895798282369e-02 -2.80017973994972635e-03 2.09804982648819305e-01 1.02046028382858367e-01 -2.83902383730492147e-02 -3.38800442519584522e-02 -2.83902387039347559e-02 8.59146984757330756e-03 -5.72169891559752841e-02 -2.80018157933170642e-03 4.65800771239599953e-01 2.91223756222180441e-01 -5.72169910679036775e-02 2.91223745577539717e-01 -5.72169896732219740e-02 6.81599467571061268e-02 1.49965090924411015e-02 -2.80018259419989590e-03 1.49965095215520705e-02 -2.80018149814509343e-03
0
0
1 0
0 6 7 8 10 12 12 12 12 12 15 16 17 17 17 20 21 22 22 22 26 26 26 30 30 30 30 30 30 30 35 36 37 37 37 40 40 40 43 43 43 43 43 48 49 50 50 50 53 53 53 56 56 56 56 56 60 60 60 60 60 64 64 64 64 64
29 42 9 14 1 2 3 4 5 6 7 8 19 10 11 12 13 22 15 16 17 18 25 26 20 21 27 28 23 24 55 34 37 30 31 32 33 40 35 36 41 38 39 60 47 50 43 44 45 46 53 48 49 54 51 52 58 59 56 57 63 64 61 62
1 65 1 -2.03520500176988975e+02 -2.05911526823788165e+02 -2.02777812966244142e+02 -2.04245188052788649e+02 -2.03081099412892115e+02 -2.04834365758204541e+02 -2.03832556847672691e+02 -2.03277439017731723e+02 -2.02917647334045029e+02 -2.05911526824546570e+02 -2.09321127646806332e+02 -2.04959034633685235e+02 -2.06854278039206946e+02 -2.05352227071712178e+02 -2.02777812968388531e+02 -2.04959034634248212e+02 -2.02069005804019781e+02 -2.03454815339196301e+02 -2.02358152407780324e+02 -2.04245188053241947e+02 -2.06854278035488591e+02 -2.03454815342423132e+02 -2.03081099412636803e+02 -2.05352227059523841e+02 -2.02358152407757501e+02 -2.04834365756739032e+02 -2.03832556843217532e+02 -2.03277439017689517e+02 -2.02917647334089821e+02 -2.05910732074701002e+02 -2.09320332897122910e+02 -2.04958239883189634e+02 -2.06853483289390454e+02 -2.05351432321838985e+02 -2.09320332881503901e+02 -2.13958672889752222e+02 -2.08055989697494738e+02 -2.04958239883755198e+02 -2.08055989695768403e+02 -2.04068017976497828e+02 -2.06853483284317377e+02 -2.05351432309569020e+02 -2.02775586418689414e+02 -2.04956808084043217e+02 -2.02066779254253333e+02 -2.03452588793346195e+02 -2.02355925857486909e+02 -2.04956808083598190e+02 -2.08054557896029706e+02 -2.04066586177418657e+02 -2.02066779254340929e+02 -2.04066586177459158e+02 -2.01383260666433358e+02 -2.03452588792773980e+02 -2.02355925858042554e+02 -2.04249815354605403e+02 -2.06858905332993771e+02 -2.03459442644545192e+02 -2.06858905336208096e+02 -2.03459442644505486e+02 -2.03079883351082088e+02 -2.05351010998066130e+02 -2.02356936346085831e+02 -2.05351010997793736e+02 -2.02356936346105755e+02
custom
2.00000000000000011e-01 3.00000000000000000e+00
2.00000000000000011e-01 3.00000000000000000e+00
2.00000000000000011e-01 3.00000000000000000e+00
TASMANIAN SG end
