TASMANIAN SG 4.0
WARNING: do not edit this manually
localpolynomial
3 1 1 3
localp
1 3 65 0 0 0 0 0 1 0 0 2 0 0 3 0 0 4 0 0 5 0 0 6 0 0 7 0 0 8 0 1 0 0 1 1 0 1 2 0 1 3 0 1 4 0 2 0 0 2 1 0 2 2 0 2 3 0 2 4 0 3 0 0 3 1 0 3 2 0 4 0 0 4 1 0 4 2 0 5 0 0 6 0 0 7 0 0 8 0 1 0 0 1 0 1 1 0 2 1 0 3 1 0 4 1 1 0 1 1 1 1 1 2 1 2 0 1 2 1 1 2 2 1 3 0 1 4 0 2 0 0 2 0 1 2 0 2 2 0 3 2 0 4 2 1 0 2 1 1 2 1 2 2 2 0 2 2 1 2 2 2 2 3 0 2 4 0 3 0 0 3 0 1 3 0 2 3 1 0 3 2 0 4 0 0 4 0 1 4 0 2 4 1 0 4 2 0
1  -8.11014611574058790e+02 -5.93227346261642197e-01 2.00497872899859431e-01 1.15123881249701299e-01 1.74316283531652516e-02 5.14220356818668733e-02 1.22273983839704670e-02 5.38154422292791423e-03 3.23267993508125073e-03 -5.93227352191320279e-01 -2.25625304585605591e-01 5.55064765202359922e-02 5.04260576895489976e-02 4.69472730532061178e-03 2.00497867636045157e-01 5.55064872514776653e-02 -1.15864120199375975e-02 -1.49652724818452043e-02 -1.20444583700418661e-03 1.15123882070975014e-01 5.04260631241209012e-02 -1.49652768579358053e-02 1.74316349116452329e-02 4.69475645803640873e-03 -1.20445569342564340e-03 5.14220390995205889e-02 1.22273989096584046e-02 5.38154367097831710e-03 3.23268376689611614e-03 -5.91764332513093905e-01 -2.25625304779214275e-01 5.55064766648456498e-02 5.04260576987007880e-02 4.69472727223774200e-03 -2.25625241815919253e-01 -3.49288433435503975e-02 1.92028172436948807e-02 5.55064921235270958e-02 1.92028692392796074e-02 -7.86383323577410920e-03 5.04260384788608462e-02 4.69475851610923200e-03 2.03566534792457787e-01 5.55064863617644733e-02 -1.15864128284783874e-02 -1.49652541092564206e-02 -1.20444701809674370e-03 5.55064922818928608e-02 1.92028689046992440e-02 -7.86383341892360477e-03 -1.15864050909522120e-02 -7.86383881950314390e-03 3.07232493162246101e-03 -1.49652717110484446e-02 -1.20445244266420559e-03 1.07584760188615292e-01 5.04260638060713973e-02 -1.49652771071941970e-02 5.04260383610244389e-02 -1.49652718658899175e-02 1.75531265085737687e-02 4.69475628887039420e-03 -1.20445490250631337e-03 4.69475844096223227e-03 -1.20445172075278606e-03
0
0
1 0
0 6 7 8 10 12 12 12 12 12 15 16 17 17 17 20 21 22 22 22 26 26 26 30 30 30 30 30 30 30 35 36 37 37 37 40 40 40 43 43 43 43 43 48 49 50 50 50 53 53 53 56 56 56 56 56 60 60 60 60 60 64 64 64 64 64
29 42 9 14 1 2 3 4 5 6 7 8 19 10 11 12 13 22 15 16 17 18 25 26 20 21 27 28 23 24 55 34 37 30 31 32 33 40 35 36 41 38 39 60 47 50 43 44 45 46 53 48 49 54 51 52 58 59 56 57 63 64 61 62
1 65 1 -8.11014611574058790e+02 -8.11607838920320432e+02 -8.10814113701158931e+02 -8.11196101365939967e+02 -8.10896931009255695e+02 -8.11350548107448276e+02 -8.11093129071615408e+02 -8.10950389747434201e+02 -8.10852289675272232e+02 -8.11607838926250110e+02 -8.12426691577097358e+02 -8.11351834576830015e+02 -8.11851715312734541e+02 -8.11457710395881577e+02 -8.10814113706422745e+02 -8.11351834565432910e+02 -8.10625202245542823e+02 -8.10982815527160028e+02 -8.10703430793466623e+02 -8.11196101368083418e+02 -8.11851715303513856e+02 -8.10982815533781377e+02 -8.10896931005329179e+02 -8.11457710351506989e+02 -8.10703430794132601e+02 -8.11350548108067301e+02 -8.11093129072161446e+02 -8.10950389746023006e+02 -8.10852289672109009e+02 -8.11606375906571884e+02 -8.12425228557612741e+02 -8.11350371557007179e+02 -8.11850252293143967e+02 -8.11456247376164129e+02 -8.12425228500579124e+02 -8.13504635299549136e+02 -8.12094514857250488e+02 -8.11350371546812312e+02 -8.12094514841362411e+02 -8.11113817442503318e+02 -8.11850252283025611e+02 -8.11456247333264400e+02 -8.10811045039266332e+02 -8.11348765899166210e+02 -8.10622133579194951e+02 -8.10979746842075770e+02 -8.10700362127895573e+02 -8.11348765899175760e+02 -8.12092909194756544e+02 -8.11112211796003066e+02 -8.10622133576721239e+02 -8.11112211788189143e+02 -8.10441736203738174e+02 -8.10979746858861063e+02 -8.10700362125524862e+02 -8.11202908980126722e+02 -8.11858522914971900e+02 -8.10989623146001691e+02 -8.11858522914865034e+02 -8.10989623138294860e+02 -8.10895275180153931e+02 -8.11456054526945877e+02 -8.10701774968570817e+02 -8.11456054527763399e+02 -8.10701774966784228e+02
custom
2.00000000000000011e-01 3.00000000000000000e+00
2.00000000000000011e-01 3.00000000000000000e+00
2.00000000000000011e-01 3.00000000000000000e+00
TASMANIAN SG end
