TASMANIAN SG 4.0
WARNING: do not edit this manually
localpolynomial
3 1 1 3
localp
1 3 67 0 0 0 0 0 1 0 0 2 0 0 3 0 0 4 0 0 5 0 0 6 0 0 7 0 0 8 0 1 0 0 1 1 0 1 2 0 1 3 0 1 4 0 2 0 0 2 1 0 2 2 0 2 3 0 2 4 0 3 0 0 3 1 0 3 2 0 4 0 0 4 1 0 4 2 0 5 0 0 6 0 0 7 0 0 8 0 1 0 0 1 0 1 1 0 2 1 0 3 1 0 4 1 1 0 1 1 1 1 1 2 1 2 0 1 2 1 1 2 2 1 3 0 1 4 0 2 0 0 2 0 1 2 0 2 2 0 3 2 0 4 2 1 0 2 1 1 2 1 2 2 2 0 2 2 1 2 2 2 2 3 0 2 4 0 3 0 0 3 0 1 3 0 2 3 1 0 3 2 0 4 0 0 4 0 1 4 0 2 4 1 0 4 2 0 5 0 0 6 0 0
1  -4.99961302693845766e+02 -1.50099390047779480e+00 4.80955292287319480e-01 2.96405080387501130e-01 4.36356600387739491e-02 1.45199938546113572e-01 3.11002377003433139e-02 1.44508695406102561e-02 7.67245268428951022e-03 -1.50099390432001201e+00 -6.18699771487740691e-01 1.34448379181492328e-01 1.62319055136435964e-01 1.01944876015238606e-02 4.80955290322924611e-01 1.34448380186427130e-01 -2.41009992135445827e-02 -3.75610709493798822e-02 -2.31138323871959983e-03 2.96405080993224601e-01 1.62319069777822733e-01 -3.75610736411431390e-02 4.36356621605114015e-02 1.01945111468069172e-02 -2.31138622396542814e-03 1.45199942076715161e-01 3.11002399303106358e-02 1.44508690719362676e-02 7.67245346446543408e-03 -1.49910751904059225e+00 -6.18699771749163574e-01 1.34448379561945330e-01 1.62319055165340842e-01 1.01944874544415143e-02 -6.18699731921424245e-01 -1.15549536497042027e-01 5.86894832752591356e-02 1.34448383469703003e-01 5.86895231708126630e-02 -1.91658499467166621e-02 1.62319048060453497e-01 1.01945124870894688e-02 4.85218347100214942e-01 1.34448380971150527e-01 -2.41009982908622078e-02 -3.75610663790837407e-02 -2.31138291368893078e-03 1.34448384215488659e-01 5.86895219604457452e-02 -1.91658507817464852e-02 -2.41009967562035854e-02 -1.91658501242386592e-02 6.31030370425378351e-03 -3.75610722200576674e-02 -2.31138506913453057e-03 2.87560297636730411e-01 1.62319071973541895e-01 -3.75610743140839531e-02 1.62319047680711037e-01 -3.75610728006279260e-02 4.39259636246447371e-02 1.01945105694483118e-02 -2.31138615700388073e-03 1.01945121485016443e-02 -2.31138528718588532e-03 3.05954017676413059e-09 5.36493502255552812e-03
0
0
1 0
0 6 7 8 10 12 12 12 12 12 15 16 17 17 17 20 21 22 22 22 26 26 26 30 30 30 30 30 30 30 35 36 37 37 37 40 40 40 43 43 43 43 43 48 49 50 50 50 53 53 53 56 56 56 56 56 62 62 62 62 62 66 66 66 66 66 66 66
29 42 9 14 1 2 3 4 5 6 7 8 19 10 11 12 13 22 15 16 17 18 25 26 20 21 27 28 23 24 55 34 37 30 31 32 33 40 35 36 41 38 39 60 47 50 43 44 45 46 53 48 49 54 51 52 65 66 58 59 56 57 63 64 61 62
1 67 1 -4.99961302693845766e+02 -5.01462296594323561e+02 -4.99480347401558447e+02 -5.00415394563697134e+02 -4.99677189387663361e+02 -5.00793645640464206e+02 -5.00157248391071107e+02 -4.99804795171213925e+02 -4.99571095941926558e+02 -5.01462296598165779e+02 -5.03581990270131314e+02 -5.00846892926696967e+02 -5.02063419298624638e+02 -5.01100764614791103e+02 -4.99480347403522842e+02 -5.00846892923814210e+02 -4.99023493110449067e+02 -4.99904776154230376e+02 -4.99210595980185872e+02 -5.00415394565012548e+02 -5.02063419281456390e+02 -4.99904776156775597e+02 -4.99677189386523764e+02 -5.01100764585761567e+02 -4.99210595980067239e+02 -5.00793645639512420e+02 -5.00157248389498818e+02 -4.99804795171112858e+02 -4.99571095941558895e+02 -5.01460410212886359e+02 -5.03580103885113317e+02 -5.00845006541037094e+02 -5.02061532913447024e+02 -5.01098878229468539e+02 -5.03580103849127795e+02 -5.06434046829339536e+02 -5.02771562314821779e+02 -5.00845006539093731e+02 -5.02771562307963450e+02 -5.00272869716404728e+02 -5.02061532901953399e+02 -5.01098878201342472e+02 -4.99476084346745552e+02 -5.00842629866252196e+02 -4.99019230052749094e+02 -4.99900513092490485e+02 -4.99206332922622266e+02 -5.00842629866850075e+02 -5.02769185635884014e+02 -5.00270493044453872e+02 -4.99019230053178831e+02 -5.00270493042623286e+02 -4.98580166454691664e+02 -4.99900513098024646e+02 -4.99206332922870786e+02 -5.00423296155729304e+02 -5.02071320870108138e+02 -4.99912677747975124e+02 -5.02071320878329345e+02 -4.99912677746472184e+02 -4.99674767556671043e+02 -5.01098342756093757e+02 -4.99208174149686101e+02 -5.01098342756734780e+02 -4.99208174150013406e+02 -5.00941853181248348e+02 -5.00186934489765008e+02
custom
2.00000000000000011e-01 3.00000000000000000e+00
2.00000000000000011e-01 3.00000000000000000e+00
2.00000000000000011e-01 3.00000000000000000e+00
TASMANIAN SG end
