TASMANIAN SG 4.0
WARNING: do not edit this manually
localpolynomial
3 1 1 3
localp
1 3 65 0 0 0 0 0 1 0 0 2 0 0 3 0 0 4 0 0 5 0 0 6 0 0 7 0 0 8 0 1 0 0 1 1 0 1 2 0 1 3 0 1 4 0 2 0 0 2 1 0 2 2 0 2 3 0 2 4 0 3 0 0 3 1 0 3 2 0 4 0 0 4 1 0 4 2 0 5 0 0 6 0 0 7 0 0 8 0 1 0 0 1 0 1 1 0 2 1 0 3 1 0 4 1 1 0 1 1 1 1 1 2 1 2 0 1 2 1 1 2 2 1 3 0 1 4 0 2 0 0 2 0 1 2 0 2 2 0 3 2 0 4 2 1 0 2 1 1 2 1 2 2 2 0 2 2 1 2 2 2 2 3 0 2 4 0 3 0 0 3 0 1 3 0 2 3 1 0 3 2 0 4 0 0 4 0 1 4 0 2 4 1 0 4 2 0
1  -3.68217583687381250e+02 -1.89412372067539536e+00 5.97868243940695265e-01 3.73927487694629690e-01 5.45826824559867418e-02 1.88222147861552003e-01 3.94819379322939312e-02 1.84184927343267191e-02 9.51284843205257857e-03 -1.89412372280241925e+00 -7.94275936230235402e-01 1.67864552363766961e-01 2.17419327121746164e-01 1.23428385853685540e-02 5.97868245645770457e-01 1.67864549608054858e-01 -2.86701078850342128e-02 -4.65561893505253011e-02 -2.60094623982354278e-03 3.73927487999708319e-01 2.17419336778618799e-01 -4.65561910598353279e-02 5.45826822128105960e-02 1.23428588978242715e-02 -2.60094504230323764e-03 1.88222151443994790e-01 3.94819410842615071e-02 1.84184923810448709e-02 9.51284737186597340e-03 -1.89270045517667995e+00 -7.94275936464657661e-01 1.67864552858588922e-01 2.17419327160570219e-01 1.23428383757584470e-02 -7.94275907220821864e-01 -1.55834746804771385e-01 7.74277874938320565e-02 1.67864551751847557e-01 7.74278210507191034e-02 -2.34640001187358394e-02 2.17419321627232875e-01 1.23428595876191594e-02 6.01426882240559735e-01 1.67864550805290946e-01 -2.86701067624335337e-02 -4.65561919061485696e-02 -2.60094535207144872e-03 1.67864552843980164e-01 7.74278193821373861e-02 -2.34640013333660136e-02 -2.86701086006928563e-02 -2.34639976533799199e-02 7.39613605219346937e-03 -4.65561914843419800e-02 -2.60094549159362032e-03 3.66227196207944417e-01 2.17419339719555182e-01 -4.65561919156414206e-02 2.17419321118228481e-01 -4.65561922911490456e-02 5.47808064432615538e-02 1.23428581460132136e-02 -2.60094540934119323e-03 1.23428590976288888e-02 -2.60094630525031789e-03
0
0
1 0
0 6 7 8 10 12 12 12 12 12 15 16 17 17 17 20 21 22 22 22 26 26 26 30 30 30 30 30 30 30 35 36 37 37 37 40 40 40 43 43 43 43 43 48 49 50 50 50 53 53 53 56 56 56 56 56 60 60 60 60 60 64 64 64 64 64
29 42 9 14 1 2 3 4 5 6 7 8 19 10 11 12 13 22 15 16 17 18 25 26 20 21 27 28 23 24 55 34 37 30 31 32 33 40 35 36 41 38 39 60 47 50 43 44 45 46 53 48 49 54 51 52 58 59 56 57 63 64 61 62
1 65 1 -3.68217583687381250e+02 -3.70111707408056645e+02 -3.67619715443440555e+02 -3.68790718060024346e+02 -3.67864066882954944e+02 -3.69262990586178944e+02 -3.68464668935770476e+02 -3.68022406792433799e+02 -3.67732378314765640e+02 -3.70111707410183669e+02 -3.72800107067089300e+02 -3.69345974613879207e+02 -3.70864560423820080e+02 -3.69661915490990111e+02 -3.67619715441735480e+02 -3.69345974612802820e+02 -3.67050517305679818e+02 -3.68155473728925074e+02 -3.67283134637491457e+02 -3.68790718060782751e+02 -3.70864560412794617e+02 -3.68155473731720008e+02 -3.67864066882345583e+02 -3.69661915469319069e+02 -3.67283134637389708e+02 -3.69262990584039244e+02 -3.68464668932997711e+02 -3.68022406792482343e+02 -3.67732378314668608e+02 -3.70110284142557930e+02 -3.72798683799697983e+02 -3.69344551345758646e+02 -3.70863137156272785e+02 -3.69660492223326514e+02 -3.72798683772581171e+02 -3.76437194112756231e+02 -3.71787658635924288e+02 -3.69344551345160312e+02 -3.71787658631641591e+02 -3.68630952656364798e+02 -3.70863137147942609e+02 -3.69660492202058663e+02 -3.67616156805140690e+02 -3.69342415975010795e+02 -3.67046958667962429e+02 -3.68151915094287233e+02 -3.67279575999447673e+02 -3.69342415975099129e+02 -3.71785523261817332e+02 -3.68628817286890467e+02 -3.67046958668095613e+02 -3.68628817286011042e+02 -3.66499034502750192e+02 -3.68151915093604543e+02 -3.67279575999896906e+02 -3.68797706718761674e+02 -3.70871549067949786e+02 -3.68162462390307269e+02 -3.70871549074056247e+02 -3.68162462389531129e+02 -3.67862089439817680e+02 -3.69659938026944474e+02 -3.67281157194667571e+02 -3.69659938027100509e+02 -3.67281157194777506e+02
custom
2.00000000000000011e-01 3.00000000000000000e+00
2.00000000000000011e-01 3.00000000000000000e+00
2.00000000000000011e-01 3.00000000000000000e+00
TASMANIAN SG end
