TASMANIAN SG 4.0
WARNING: do not edit this manually
localpolynomial
3 1 1 3
localp
1 3 65 0 0 0 0 0 1 0 0 2 0 0 3 0 0 4 0 0 5 0 0 6 0 0 7 0 0 8 0 1 0 0 1 1 0 1 2 0 1 3 0 1 4 0 2 0 0 2 1 0 2 2 0 2 3 0 2 4 0 3 0 0 3 1 0 3 2 0 4 0 0 4 1 0 4 2 0 5 0 0 6 0 0 7 0 0 8 0 1 0 0 1 0 1 1 0 2 1 0 3 1 0 4 1 1 0 1 1 1 1 1 2 1 2 0 1 2 1 1 2 2 1 3 0 1 4 0 2 0 0 2 0 1 2 0 2 2 0 3 2 0 4 2 1 0 2 1 1 2 1 2 2 2 0 2 2 1 2 2 2 2 3 0 2 4 0 3 0 0 3 0 1 3 0 2 3 1 0 3 2 0 4 0 0 4 0 1 4 0 2 4 1 0 4 2 0
1  -7.57074313532073347e+02 -7.48018542583849921e-01 2.49648932508762300e-01 1.46153784167495360e-01 2.19796667530545164e-02 6.66581961024803604e-02 1.54089156887948775e-02 6.89114413808056270e-03 4.01958204133734398e-03 -7.48018548379263848e-01 -2.90722547637415119e-01 6.92540265961270052e-02 6.75435106688837550e-02 5.72342944565207290e-03 2.49648927212206218e-01 6.92540355627215831e-02 -1.39679318432399668e-02 -1.89779582524920443e-02 -1.43806258319045810e-03 1.46153785044589313e-01 6.75435138246598399e-02 -1.89779624145671733e-02 2.19796726807999221e-02 5.72345785957395492e-03 -1.43807158002573487e-03 6.66581995384376569e-02 1.54089164575452742e-02 6.89114359181530745e-03 4.01958547911362984e-03 -7.46833878909910709e-01 -2.90722547858194957e-01 6.92540267784806929e-02 6.75435106811619335e-02 5.72342939688041952e-03 -2.90722488735468687e-01 -4.71064227890565235e-02 2.54211042299630208e-02 6.92540402698114121e-02 2.54211544731788308e-02 -9.92118245301298884e-03 6.75434933146448202e-02 5.72345985500533061e-03 2.52721065627838470e-01 6.92540350346462219e-02 -1.39679322164738551e-02 -1.89779419054048049e-02 -1.43806349922215304e-03 6.92540405041199847e-02 2.54211540112692091e-02 -9.92118272154129954e-03 -1.39679253276199233e-02 -9.92118720796497655e-03 3.72122716328249226e-03 -1.89779578569186924e-02 -1.43806852150873965e-03 1.37607765043526342e-01 6.75435147381904244e-02 -1.89779627354482727e-02 6.75434931565632724e-02 -1.89779580723552499e-02 2.18847677099347493e-02 5.72345762009263126e-03 -1.43807088420544460e-03 5.72345974489962828e-03 -1.43806791288625391e-03
0
0
1 0
0 6 7 8 10 12 12 12 12 12 15 16 17 17 17 20 21 22 22 22 26 26 26 30 30 30 30 30 30 30 35 36 37 37 37 40 40 40 43 43 43 43 43 48 49 50 50 50 53 53 53 56 56 56 56 56 60 60 60 60 60 64 64 64 64 64
29 42 9 14 1 2 3 4 5 6 7 8 19 10 11 12 13 22 15 16 17 18 25 26 20 21 27 28 23 24 55 34 37 30 31 32 33 40 35 36 41 38 39 60 47 50 43 44 45 46 53 48 49 54 51 52 58 59 56 57 63 64 61 62
1 65 1 -7.57074313532073347e+02 -7.57822332074657197e+02 -7.56824664599564585e+02 -7.57302169019197777e+02 -7.56927509399065912e+02 -7.57495592350825063e+02 -7.57172832359946824e+02 -7.56994020321431663e+02 -7.56872067417273911e+02 -7.57822332080452611e+02 -7.58861073170673876e+02 -7.57503429121347722e+02 -7.58128005330726864e+02 -7.57635177504701460e+02 -7.56824664604861141e+02 -7.57503429111882269e+02 -7.56588983604195619e+02 -7.57036871032456702e+02 -7.56686282500358516e+02 -7.57302169021218447e+02 -7.58128005323796287e+02 -7.57036871037826131e+02 -7.56927509395786387e+02 -7.57635177462729303e+02 -7.56686282500779384e+02 -7.57495592351297091e+02 -7.57172832360188295e+02 -7.56994020320338109e+02 -7.56872067414844651e+02 -7.57821147410983258e+02 -7.58859888501425303e+02 -7.57502244451696015e+02 -7.58126820661355623e+02 -7.57633992835189702e+02 -7.58859888448097990e+02 -7.60236458508966507e+02 -7.58446310357984657e+02 -7.57502244443501240e+02 -7.58446310343907385e+02 -7.57207230598510250e+02 -7.58126820651181333e+02 -7.57633992794706501e+02 -7.56821592466445509e+02 -7.57500356973994712e+02 -7.56585911466153220e+02 -7.57033798877958020e+02 -7.56683210363045532e+02 -7.57500356974320653e+02 -7.58444422875496002e+02 -7.57205343130153778e+02 -7.56585911464560922e+02 -7.57205343123755370e+02 -7.56360477168948591e+02 -7.57033798893195353e+02 -7.56683210361343868e+02 -7.57310122706484776e+02 -7.58135959008259533e+02 -7.57044824723322222e+02 -7.58135959006075154e+02 -7.57044824717210076e+02 -7.56926068231549493e+02 -7.57633736298995927e+02 -7.56684841336033173e+02 -7.57633736299931797e+02 -7.56684841334913926e+02
custom
2.00000000000000011e-01 3.00000000000000000e+00
2.00000000000000011e-01 3.00000000000000000e+00
2.00000000000000011e-01 3.00000000000000000e+00
TASMANIAN SG end
