TASMANIAN SG 4.0
WARNING: do not edit this manually
localpolynomial
3 1 1 3
localp
1 3 65 0 0 0 0 0 1 0 0 2 0 0 3 0 0 4 0 0 5 0 0 6 0 0 7 0 0 8 0 1 0 0 1 1 0 1 2 0 1 3 0 1 4 0 2 0 0 2 1 0 2 2 0 2 3 0 2 4 0 3 0 0 3 1 0 3 2 0 4 0 0 4 1 0 4 2 0 5 0 0 6 0 0 7 0 0 8 0 1 0 0 1 0 1 1 0 2 1 0 3 1 0 4 1 1 0 1 1 1 1 1 2 1 2 0 1 2 1 1 2 2 1 3 0 1 4 0 2 0 0 2 0 1 2 0 2 2 0 3 2 0 4 2 1 0 2 1 1 2 1 2 2 2 0 2 2 1 2 2 2 2 3 0 2 4 0 3 0 0 3 0 1 3 0 2 3 1 0 3 2 0 4 0 0 4 0 1 4 0 2 4 1 0 4 2 0
1  -8.88677300964862980e+02 -3.73179313536411428e-01 1.29236620070741992e-01 7.11545610621442393e-02 1.09355523709382396e-02 3.06013569395418017e-02 7.71334884643692931e-03 3.29397035875444999e-03 2.08015198768407572e-03 -3.73179319961650435e-01 -1.35581708922813959e-01 3.56017783717561542e-02 2.81059209376621766e-02 3.12141387769315770e-03 1.29236615400145638e-01 3.56017913786672580e-02 -7.93563049376189156e-03 -9.20040936205168691e-03 -8.33847797764519783e-04 7.11545618451054906e-02 2.81059293437806446e-02 -9.20041410114436076e-03 1.09355596998739202e-02 3.12144376226797249e-03 -8.33858607336424029e-04 3.06013603320707261e-02 7.71334907176424167e-03 3.29396979782359267e-03 2.08015627936219971e-03 -3.71526605746112182e-01 -1.35581709063899325e-01 3.56017784641835533e-02 2.81059209428349277e-02 3.12141386206121751e-03 -1.35581640559507832e-01 -1.92040420137118417e-02 1.09336458784810020e-02 3.56017966244053241e-02 1.09337000669711415e-02 -4.87016031593157095e-03 2.81058993062401896e-02 3.12144597648966737e-03 1.31975779507911284e-01 3.56017899194966958e-02 -7.93563202887526131e-03 -9.20038843031534270e-03 -8.33849343393922027e-04 3.56017966964827792e-02 1.09336998906428562e-02 -4.87016040062826505e-03 -7.93562332444253116e-03 -4.87016697763920092e-03 2.05306562963869510e-03 -9.20040804226118780e-03 -8.33855215262246929e-04 6.55814466291531062e-02 2.81059297238925865e-02 -9.20041425013096159e-03 2.81058992409271013e-02 -9.20040812161460053e-03 1.12556880632155298e-02 3.12144369263478438e-03 -8.33857703128160210e-04 3.12144594170149503e-03 -8.33854369943765050e-04
0
0
1 0
0 6 7 8 10 12 12 12 12 12 15 16 17 17 17 20 21 22 22 22 26 26 26 30 30 30 30 30 30 30 35 36 37 37 37 40 40 40 43 43 43 43 43 48 49 50 50 50 53 53 53 56 56 56 56 56 60 60 60 60 60 64 64 64 64 64
29 42 9 14 1 2 3 4 5 6 7 8 19 10 11 12 13 22 15 16 17 18 25 26 20 21 27 28 23 24 55 34 37 30 31 32 33 40 35 36 41 38 39 60 47 50 43 44 45 46 53 48 49 54 51 52 58 59 56 57 63 64 61 62
1 65 1 -8.88677300964862980e+02 -8.89050480278399391e+02 -8.88548064344792238e+02 -8.88792736060569041e+02 -8.88601747102456670e+02 -8.88891006812544560e+02 -8.88727305163869573e+02 -8.88636230063301127e+02 -8.88572825571636713e+02 -8.89050480284824630e+02 -8.89559241307283855e+02 -8.88885641886382132e+02 -8.89205600314054436e+02 -8.88954004119354749e+02 -8.88548064349462834e+02 -8.88885641871620578e+02 -8.88426763359885854e+02 -8.88654898958841613e+02 -8.88477312150101170e+02 -8.88792736062998756e+02 -8.89205600301652794e+02 -8.88654898967843224e+02 -8.88601747097462976e+02 -8.88954004071547843e+02 -8.88477312151246565e+02 -8.88891006813579565e+02 -8.88727305164859104e+02 -8.88636230061365154e+02 -8.88572825567183600e+02 -8.89048827570609092e+02 -8.89557588593209402e+02 -8.88883989172074166e+02 -8.89203947599904268e+02 -8.88952351405108629e+02 -8.89557588531130250e+02 -8.90221135304667087e+02 -8.89346214708345087e+02 -8.88883989158584541e+02 -8.89346214689739213e+02 -8.88731956550859309e+02 -8.89203947589718382e+02 -8.88952351358920396e+02 -8.88545325185355068e+02 -8.88882902708971983e+02 -8.88424024197313202e+02 -8.88652159774531697e+02 -8.88474572988306591e+02 -8.88882902708620236e+02 -8.89345128241269322e+02 -8.88730870102607241e+02 -8.88424024193279365e+02 -8.88730870092495252e+02 -8.88308605770101622e+02 -8.88652159793184751e+02 -8.88474572984832548e+02 -8.88797482821106883e+02 -8.89210347059451351e+02 -8.88659645726054237e+02 -8.89210347062107303e+02 -8.88659645715516149e+02 -8.88600057387045808e+02 -8.88952314361929893e+02 -8.88475622440692632e+02 -8.88952314362717516e+02 -8.88475622437677885e+02
custom
2.00000000000000011e-01 3.00000000000000000e+00
2.00000000000000011e-01 3.00000000000000000e+00
2.00000000000000011e-01 3.00000000000000000e+00
TASMANIAN SG end
