TASMANIAN SG 4.0
WARNING: do not edit this manually
localpolynomial
3 1 1 3
localp
1 3 67 0 0 0 0 0 1 0 0 2 0 0 3 0 0 4 0 0 5 0 0 6 0 0 7 0 0 8 0 1 0 0 1 1 0 1 2 0 1 3 0 1 4 0 2 0 0 2 1 0 2 2 0 2 3 0 2 4 0 3 0 0 3 1 0 3 2 0 4 0 0 4 1 0 4 2 0 5 0 0 6 0 0 7 0 0 8 0 1 0 0 1 0 1 1 0 2 1 0 3 1 0 4 1 1 0 1 1 1 1 1 2 1 2 0 1 2 1 1 2 2 1 3 0 1 4 0 2 0 0 2 0 1 2 0 2 2 0 3 2 0 4 2 1 0 2 1 1 2 1 2 2 2 0 2 2 1 2 2 2 2 3 0 2 4 0 3 0 0 3 0 1 3 0 2 3 1 0 3 2 0 4 0 0 4 0 1 4 0 2 4 1 0 4 2 0 5 0 0 6 0 0
1  -6.05344895515007806e+02 -1.18978733595258745e+00 3.86688939746250071e-01 2.34540883857903282e-01 3.47904205985969384e-02 1.12011378057559341e-01 2.45627662714014150e-02 1.13036190193724906e-02 6.18959361338511371e-03 -1.18978734126073959e+00 -4.81447718316644568e-01 1.07753706943981342e-01 1.21182770260077177e-01 8.42522176168358783e-03 3.86688935766187569e-01 1.07753710884708198e-01 -2.01610778576650773e-02 -3.00890715265040853e-02 -2.00134849740152276e-03 2.34540884780358283e-01 1.21182776577541063e-01 -3.00890750174289678e-02 3.47904244246137750e-02 8.42524742324712861e-03 -2.00135430986847496e-03 1.12011381547972633e-01 2.45627678463051780e-02 1.13036185024384395e-02 6.18959563541920943e-03 -1.18795796978167800e+00 -4.81447718577555861e-01 1.07753707239226060e-01 1.21182770281620833e-01 8.42522165908121679e-03 -4.81447670498369007e-01 -8.56785566189728343e-02 4.44441271929463255e-02 1.07753715075205037e-01 4.44441716850860757e-02 -1.55056340080363952e-02 1.21182758722909512e-01 8.42524922484244598e-03 3.90858315934792699e-01 1.07753711213831593e-01 -2.01610773149241140e-02 -3.00890617530171767e-02 -2.00134866577172943e-03 1.07753715583498888e-01 4.44441708070826280e-02 -1.55056345812454310e-02 -2.01610733610095849e-02 -1.55056361683136856e-02 5.33609289129799436e-03 -3.00890721411519735e-02 -2.00135217704655588e-03 2.25331800818935335e-01 1.21182778216905263e-01 -3.00890755445948344e-02 1.21182758439488225e-01 -3.00890725586100416e-02 3.49783946625166209e-02 8.42524698475699552e-03 -2.00135394993594673e-03 8.42524899144336814e-03 -2.00135200100248767e-03 5.41967892786487937e-09 8.05481099166627246e-03
0
0
1 0
0 6 7 8 10 12 12 12 12 12 15 16 17 17 17 20 21 22 22 22 26 26 26 30 30 30 30 30 30 30 35 36 37 37 37 40 40 40 43 43 43 43 43 48 49 50 50 50 53 53 53 56 56 56 56 56 62 62 62 62 62 66 66 66 66 66 66 66
29 42 9 14 1 2 3 4 5 6 7 8 19 10 11 12 13 22 15 16 17 18 25 26 20 21 27 28 23 24 55 34 37 30 31 32 33 40 35 36 41 38 39 60 47 50 43 44 45 46 53 48 49 54 51 52 65 66 58 59 56 57 63 64 61 62
1 67 1 -6.05344895515007806e+02 -6.06534682850960394e+02 -6.04958206575261556e+02 -6.05705248299126197e+02 -6.05116760624536028e+02 -6.06007954196985793e+02 -6.05500509140795657e+02 -6.05219524450752488e+02 -6.05031294006285407e+02 -6.06534682856268546e+02 -6.08205917910537778e+02 -6.06040240209578315e+02 -6.07014576729285182e+02 -6.06244245890563093e+02 -6.04958206579241619e+02 -6.06040240204309498e+02 -6.04591678717353034e+02 -6.05294771579444159e+02 -6.04742153576196188e+02 -6.05705248300857875e+02 -6.07014576719391243e+02 -6.05294771582656949e+02 -6.05116760622700099e+02 -6.06244245855787085e+02 -6.04742153576192550e+02 -6.06007954197015124e+02 -6.05500509140086479e+02 -6.05219524450351514e+02 -6.05031294005335440e+02 -6.06532853484789484e+02 -6.08204088539319628e+02 -6.06038410837804008e+02 -6.07012747357915032e+02 -6.06242416519039125e+02 -6.08204088496548593e+02 -6.10442449826014354e+02 -6.07557448015426189e+02 -6.06038410833948092e+02 -6.07557448005908441e+02 -6.05579634898828317e+02 -6.07012747347165714e+02 -6.06242416485719332e+02 -6.04954037199073014e+02 -6.06036070823811770e+02 -6.04587509336641688e+02 -6.05290602189337505e+02 -6.04737984195924582e+02 -6.06036070824750254e+02 -6.07555107996998572e+02 -6.05577294889956192e+02 -6.04587509336667836e+02 -6.05577294886690197e+02 -6.04235806459202877e+02 -6.05290602199272371e+02 -6.04737984195622857e+02 -6.05713542699079653e+02 -6.07022871116104170e+02 -6.05303065981258442e+02 -6.07022871117150089e+02 -6.05303065978334530e+02 -6.05114487962377893e+02 -6.06241973195738751e+02 -6.04739880915239041e+02 -6.06241973196855383e+02 -6.04739880915293156e+02 -6.06123198086515004e+02 -6.05521164296052007e+02
custom
2.00000000000000011e-01 3.00000000000000000e+00
2.00000000000000011e-01 3.00000000000000000e+00
2.00000000000000011e-01 3.00000000000000000e+00
TASMANIAN SG end
