TASMANIAN SG 4.0
WARNING: do not edit this manually
localpolynomial
3 1 1 3
localp
1 3 67 0 0 0 0 0 1 0 0 2 0 0 3 0 0 4 0 0 5 0 0 6 0 0 7 0 0 8 0 1 0 0 1 1 0 1 2 0 1 3 0 1 4 0 2 0 0 2 1 0 2 2 0 2 3 0 2 4 0 3 0 0 3 1 0 3 2 0 4 0 0 4 1 0 4 2 0 5 0 0 6 0 0 7 0 0 8 0 1 0 0 1 0 1 1 0 2 1 0 3 1 0 4 1 1 0 1 1 1 1 1 2 1 2 0 1 2 1 1 2 2 1 3 0 1 4 0 2 0 0 2 0 1 2 0 2 2 0 3 2 0 4 2 1 0 2 1 1 2 1 2 2 2 0 2 2 1 2 2 2 2 3 0 2 4 0 3 0 0 3 0 1 3 0 2 3 1 0 3 2 0 4 0 0 4 0 1 4 0 2 4 1 0 4 2 0 5 0 0 6 0 0
1  -6.89642883464059423e+02 -9.43310723568629328e-01 3.10759184588505377e-01 1.85286188467216562e-01 2.76771269433311318e-02 8.64087750105682062e-02 1.94396277762507452e-02 8.82782288385897118e-03 4.99067924511109595e-03 -9.43310729409745363e-01 -3.74288860633669174e-01 8.63849981683415535e-02 9.04715957524331316e-02 6.95342788958441815e-03 3.10759179633350868e-01 8.63850047810501565e-02 -1.68040503651809559e-02 -2.39583210583305117e-02 -1.70525578994329408e-03 1.85286189443786498e-01 9.04715958554902500e-02 -2.39583249960446665e-02 2.76771319933004634e-02 6.95345512963285728e-03 -1.70526350666477811e-03 8.64087784703997386e-02 1.94396288827647368e-02 8.82782234725709714e-03 4.99068210910991183e-03 -9.41768855647069358e-01 -3.74288860878436935e-01 8.63849983995805815e-02 9.04715957685198191e-02 6.95342781841645774e-03 -3.74288806525669315e-01 -6.35295984268395841e-02 3.36267317776446362e-02 8.63850093876408209e-02 3.36267796033098421e-02 -1.24448243229835498e-02 9.04715808846390246e-02 6.95345710789752047e-03 3.14450541719111243e-01 8.63850046632705926e-02 -1.68040502759367882e-02 -2.39583074854863298e-02 -1.70525637128093877e-03 8.63850097330214339e-02 3.36267789665498640e-02 -1.24448247155442004e-02 -1.68040446022814649e-02 -1.24448279678972540e-02 4.47394582226934290e-03 -2.39583211206308988e-02 -1.70526078949251314e-03 1.76240385838582370e-01 9.04715970792722146e-02 -2.39583254081026098e-02 9.04715806730109762e-02 -2.39583214207641504e-02 2.77153101076237363e-02 6.95345480204423438e-03 -1.70526294738237993e-03 6.95345694754223587e-03 -1.70526035282136945e-03 7.24025994713883847e-09 9.06967145328962943e-03
0
0
1 0
0 6 7 8 10 12 12 12 12 12 15 16 17 17 17 20 21 22 22 22 26 26 26 30 30 30 30 30 30 30 35 36 37 37 37 40 40 40 43 43 43 43 43 48 49 50 50 50 53 53 53 56 56 56 56 56 62 62 62 62 62 66 66 66 66 66 66 66
29 42 9 14 1 2 3 4 5 6 7 8 19 10 11 12 13 22 15 16 17 18 25 26 20 21 27 28 23 24 55 34 37 30 31 32 33 40 35 36 41 38 39 60 47 50 43 44 45 46 53 48 49 54 51 52 65 66 58 59 56 57 63 64 61 62
1 67 1 -6.89642883464059423e+02 -6.90586194187628053e+02 -6.89332124279470918e+02 -6.89929252637376521e+02 -6.89459826744821839e+02 -6.90171314637491719e+02 -6.89766628422941722e+02 -6.89542527281556886e+02 -6.89390984832901268e+02 -6.90586194193469169e+02 -6.91903793777671467e+02 -6.90189050010712322e+02 -6.90969236201350668e+02 -6.90352991547257830e+02 -6.89332124284426072e+02 -6.90189050003213652e+02 -6.89038169150202748e+02 -6.89599259276410976e+02 -6.89159174846161022e+02 -6.89929252639320453e+02 -6.90969236197350483e+02 -6.89599259280643878e+02 -6.89459826742249447e+02 -6.90352991508297919e+02 -6.89159174846350197e+02 -6.90171314637924411e+02 -6.89766628422807230e+02 -6.89542527280807235e+02 -6.89390984831228707e+02 -6.90584652319706493e+02 -6.91902251904153559e+02 -6.90187508136718407e+02 -6.90967694327694289e+02 -6.90351449673450702e+02 -6.91902251855641907e+02 -6.93657669899149482e+02 -6.91385095942707835e+02 -6.90187508130685501e+02 -6.91385095930748207e+02 -6.89819612822385579e+02 -6.90967694317345831e+02 -6.90351449636094799e+02 -6.89328432922340312e+02 -6.90185358641245671e+02 -6.89034477788027743e+02 -6.89595567900811261e+02 -6.89155483484611977e+02 -6.90185358642017036e+02 -6.91382946442589514e+02 -6.89817463334251670e+02 -6.89034477787309243e+02 -6.89817463329401448e+02 -6.88752852757539586e+02 -6.89595567913855575e+02 -6.89155483483620969e+02 -6.89937527506044376e+02 -6.90977511062973008e+02 -6.89607534147664182e+02 -6.90977511058044001e+02 -6.89607534143137968e+02 -6.89457942883092187e+02 -6.90351107649527194e+02 -6.89157290986589032e+02 -6.90351107650687936e+02 -6.89157290986112912e+02 -6.90261089905635231e+02 -6.89781135813598553e+02
custom
2.00000000000000011e-01 3.00000000000000000e+00
2.00000000000000011e-01 3.00000000000000000e+00
2.00000000000000011e-01 3.00000000000000000e+00
TASMANIAN SG end
